   1.0000000e+00   2.4000000e+01   3.9000000e+00   1.6085600e-01   6.0000000e-03   5.2200000e+00   2.0000000e-02   1.2542654e-01   3.8285375e-03   7.5127823e-02   4.6894347e-03   0.0000000e+00   1.0000000e-06   2.0000000e+03   5.3000000e+01   0.0000000e+00             NaN             NaN   5.8185958e-01   1.9289526e-01
   1.0000000e+00   2.4000000e+01   3.9000000e+00   1.6085600e-01   7.0000000e-03   5.2200000e+00   2.0000000e-02   1.3334268e-01   3.8749945e-03   7.5923694e-02   4.5704577e-03   0.0000000e+00   1.0000000e-06   2.0000000e+03   5.3000000e+01   0.0000000e+00             NaN             NaN   5.8185316e-01   1.8128539e-01
   1.0000000e+00   2.4000000e+01   3.9000000e+00   1.6085600e-01   8.0000000e-03   5.2200000e+00   2.0000000e-02   1.4079542e-01   3.9695727e-03   7.6644306e-02   4.6312261e-03   0.0000000e+00   1.0000000e-06   2.0000000e+03   5.3000000e+01   0.0000000e+00             NaN             NaN   5.8159360e-01   1.7136450e-01
   1.0000000e+00   2.4000000e+01   3.9000000e+00   1.6085600e-01   9.0000000e-03   5.2200000e+00   2.0000000e-02   1.4780730e-01   3.8416710e-03   7.7308113e-02   4.6182695e-03   0.0000000e+00   1.0000000e-06   2.0000000e+03   5.3000000e+01   0.0000000e+00             NaN             NaN   5.8156362e-01   1.6325841e-01
   1.0000000e+00   2.4000000e+01   3.9000000e+00   1.6085600e-01   1.0000000e-02   5.2200000e+00   2.0000000e-02   1.5441677e-01   4.0552084e-03   7.7922512e-02   4.6151603e-03   0.0000000e+00   1.0000000e-06   2.0000000e+03   5.3000000e+01   0.0000000e+00             NaN             NaN   5.8214595e-01   1.5688767e-01
   1.0000000e+00   2.4000000e+01   3.9000000e+00   1.6085600e-01   1.1000000e-02   5.2200000e+00   2.0000000e-02   1.6066886e-01   4.0322634e-03   7.8491485e-02   4.5700621e-03   0.0000000e+00   1.0000000e-06   2.0000000e+03   5.3000000e+01   0.0000000e+00             NaN             NaN   5.8352804e-01   1.5203700e-01
   1.0000000e+00   2.4000000e+01   3.9000000e+00   1.6085600e-01   1.2000000e-02   5.2200000e+00   2.0000000e-02   1.6660660e-01   4.2796642e-03   7.9018625e-02   4.4418782e-03   0.0000000e+00   1.0000000e-06   2.0000000e+03   5.3000000e+01   0.0000000e+00             NaN             NaN   5.8566728e-01   1.4833660e-01
   1.0000000e+00   2.4000000e+01   3.9000000e+00   1.6085600e-01   1.3000000e-02   5.2200000e+00   2.0000000e-02   1.7226848e-01   4.3921111e-03   7.9507570e-02   4.4799030e-03   0.0000000e+00   1.0000000e-06   2.0000000e+03   5.3000000e+01   0.0000000e+00             NaN             NaN   5.8846069e-01   1.4545691e-01
   1.0000000e+00   2.4000000e+01   3.9000000e+00   1.6085600e-01   1.4000000e-02   5.2200000e+00   2.0000000e-02   1.7768863e-01   4.3762960e-03   7.9961920e-02   4.6087069e-03   0.0000000e+00   1.0000000e-06   2.0000000e+03   5.3000000e+01   0.0000000e+00             NaN             NaN   5.9174610e-01   1.4310362e-01
   1.0000000e+00   2.4000000e+01   3.9000000e+00   1.6085600e-01   1.5000000e-02   5.2200000e+00   2.0000000e-02   1.8289611e-01   4.1725699e-03   8.0385332e-02   4.5430403e-03   0.0000000e+00   1.0000000e-06   2.0000000e+03   5.3000000e+01   0.0000000e+00             NaN             NaN   5.9535975e-01   1.4103922e-01
   1.0000000e+00   2.4000000e+01   3.9000000e+00   1.6085600e-01   1.6000000e-02   5.2200000e+00   2.0000000e-02   1.8791585e-01   4.0923746e-03   8.0781286e-02   4.4920822e-03   0.0000000e+00   1.0000000e-06   2.0000000e+03   5.3000000e+01   0.0000000e+00             NaN             NaN   5.9916479e-01   1.3911102e-01
   1.0000000e+00   2.4000000e+01   3.9000000e+00   1.6085600e-01   1.8000000e-02   5.2200000e+00   2.0000000e-02   1.9747303e-01   3.7871619e-03   8.1502811e-02   4.4184533e-03   0.0000000e+00   1.0000000e-06   2.0000000e+03   5.3000000e+01   0.0000000e+00             NaN             NaN   6.0677022e-01   1.3521835e-01
   1.0000000e+00   2.4000000e+01   3.9000000e+00   1.6085600e-01   2.3000000e-02   5.2200000e+00   2.0000000e-02   2.1921646e-01   3.6513088e-03   8.3010600e-02   4.1540747e-03   0.0000000e+00   1.0000000e-06   2.0000000e+03   5.3000000e+01   0.0000000e+00             NaN             NaN   6.2246979e-01   1.2400964e-01
   1.0000000e+00   2.4000000e+01   3.9000000e+00   1.6085600e-01   2.8000000e-02   5.2200000e+00   2.0000000e-02   2.3877075e-01   3.3261603e-03   8.4260878e-02   4.1662662e-03   0.0000000e+00   1.0000000e-06   2.0000000e+03   5.3000000e+01   0.0000000e+00             NaN             NaN   6.3179930e-01   1.1152013e-01
   1.0000000e+00   2.4000000e+01   3.9000000e+00   1.6085600e-01   3.8000000e-02   5.2200000e+00   2.0000000e-02   2.7362584e-01   2.9493367e-03   8.6417214e-02   3.6318815e-03   0.0000000e+00   1.0000000e-06   2.0000000e+03   5.3000000e+01   0.0000000e+00             NaN             NaN   6.4062876e-01   8.9882132e-02
   1.0000000e+00   2.4000000e+01   3.9000000e+00   1.6085600e-01   4.3000000e-02   5.2200000e+00   2.0000000e-02   2.8956334e-01   2.6296661e-03   8.7422044e-02   3.6442386e-03   0.0000000e+00   1.0000000e-06   2.0000000e+03   5.3000000e+01   0.0000000e+00             NaN             NaN   6.4445165e-01   8.1890361e-02
   1.0000000e+00   2.4000000e+01   3.9000000e+00   1.6085600e-01   4.8000000e-02   5.2200000e+00   2.0000000e-02   3.0476508e-01   2.2705899e-03   8.8406429e-02   3.4369086e-03   0.0000000e+00   1.0000000e-06   2.0000000e+03   5.3000000e+01   0.0000000e+00             NaN             NaN   6.4910547e-01   7.5553597e-02
   1.0000000e+00   2.4000000e+01   3.9000000e+00   1.6085600e-01   5.3000000e-02   5.2200000e+00   2.0000000e-02   3.1935694e-01   2.1276553e-03   8.9378275e-02   3.2819859e-03   0.0000000e+00   1.0000000e-06   2.0000000e+03   5.3000000e+01   0.0000000e+00             NaN             NaN   6.5471512e-01   7.0559066e-02
